23630470 49
55838673 24
64991094 18
70591072 93
102677128 26
112837639 22
192362304 49
195809469 38
202026562 68
243107678 21
317884351 92
322740103 73
352521701 12
409220484 95
438738451 24
438793602 10
450855193 54
458024300 98
472213863 86
538519451 50
569905233 73
592085346 76
609917392 18
647604524 100
692284284 10
695885410 95
700867521 95
718811313 53
735994589 57
740817083 29
775196112 37
808357014 0
834259768 63
868938348 99
898316907 41
916741354 22
931675316 10
950023591 91
966006474 90
992012077 100
994837276 77
